match_id,official_kind,official_id,official_name,role_raw,source_url,scraped_at
1798855,referee,5090380,"RIVAS MARTINEZ, CARLOS",Arbitro principal,https://www.rffm.es/acta-partido/1798855,2026-08-09T17:45:39.972129+00:00
1798855,referee,5002690,"RUBIO RUIZ, EMILIO RODOLFO",Arbitro principal,https://www.rffm.es/acta-partido/1798855,2026-08-09T17:45:39.972129+00:00
1798855,referee,5113305,"BARRIOS AYUSO, IRIS YUDIT",Arbitro asistente,https://www.rffm.es/acta-partido/1798855,2026-08-09T17:45:39.972129+00:00
1784975,referee,5125040,"LEOZ NUÑEZ, JORGE",Arbitro principal,https://www.rffm.es/acta-partido/1784975,2026-08-09T17:45:40.454313+00:00
1784975,referee,5000267,"DOMINGUEZ SANCHEZ, MIGUEL ANGEL",Arbitro asistente,https://www.rffm.es/acta-partido/1784975,2026-08-09T17:45:40.454313+00:00
1798854,referee,5001180,"JARQUE RUIZ, ALEJANDRO",Arbitro principal,https://www.rffm.es/acta-partido/1798854,2026-08-09T17:45:40.680346+00:00
1798854,referee,5001870,"ARAGON GONZALEZ, ROBERTO",Arbitro principal,https://www.rffm.es/acta-partido/1798854,2026-08-09T17:45:40.680346+00:00
1798854,referee,5001938,"LOPEZ MORENO, ANGEL",Arbitro asistente,https://www.rffm.es/acta-partido/1798854,2026-08-09T17:45:40.680346+00:00
1798801,referee,5000377,"ALONSO SANZ, LUIS MIGUEL",Arbitro principal,https://www.rffm.es/acta-partido/1798801,2026-08-09T17:45:40.689199+00:00
1798801,referee,5001637,"CUBERO GARCIA, CRISTIAN",Arbitro principal,https://www.rffm.es/acta-partido/1798801,2026-08-09T17:45:40.689199+00:00
1798801,referee,5002299,"SANCHEZ PRADOS, DAVID",Arbitro asistente,https://www.rffm.es/acta-partido/1798801,2026-08-09T17:45:40.689199+00:00
1798804,referee,5001870,"ARAGON GONZALEZ, ROBERTO",Arbitro principal,https://www.rffm.es/acta-partido/1798804,2026-08-09T17:45:40.693322+00:00
1798804,referee,5002296,"ALONSO ABAD, JOSE LUIS",Arbitro principal,https://www.rffm.es/acta-partido/1798804,2026-08-09T17:45:40.693322+00:00
1798804,referee,5000374,"LOSADA PEREZ, JESUS",Arbitro asistente,https://www.rffm.es/acta-partido/1798804,2026-08-09T17:45:40.693322+00:00
1798803,referee,5000598,"DEL OLMO MARTINEZ, IGNACIO",Arbitro principal,https://www.rffm.es/acta-partido/1798803,2026-08-09T17:45:40.758649+00:00
1798803,referee,5001863,"MAYO LOPEZ, HECTOR",Arbitro principal,https://www.rffm.es/acta-partido/1798803,2026-08-09T17:45:40.758649+00:00
1798803,referee,5193590,"CALVIA VALENCIA, ROCIO",Arbitro asistente,https://www.rffm.es/acta-partido/1798803,2026-08-09T17:45:40.758649+00:00
1798802,referee,5000603,"GARRO ARRANZ, JOSE GABRIEL",Arbitro principal,https://www.rffm.es/acta-partido/1798802,2026-08-09T17:45:40.765094+00:00
1798802,referee,5002642,"SARASUA ALVAREZ, DIEGO",Arbitro principal,https://www.rffm.es/acta-partido/1798802,2026-08-09T17:45:40.765094+00:00
1798802,referee,5002715,"ORTEGA RODRIGUEZ, VICENTE",Arbitro asistente,https://www.rffm.es/acta-partido/1798802,2026-08-09T17:45:40.765094+00:00
1798856,referee,5001559,"CASTILLO OLIVA, JULIO",Arbitro principal,https://www.rffm.es/acta-partido/1798856,2026-08-09T17:45:40.772458+00:00
1798856,referee,5002513,"ORTIZ MARQUEZ, GABRIEL",Arbitro principal,https://www.rffm.es/acta-partido/1798856,2026-08-09T17:45:40.772458+00:00
1798856,referee,5001860,"DE DIEGO SANCHEZ, DANIEL",Arbitro asistente,https://www.rffm.es/acta-partido/1798856,2026-08-09T17:45:40.772458+00:00
1798857,referee,5144979,"OLMOS VILLALBA, PEDRO",Arbitro principal,https://www.rffm.es/acta-partido/1798857,2026-08-09T17:45:40.805651+00:00
1798857,referee,5001730,"RODRIGUEZ BLANCO, ANTONIO",Arbitro principal,https://www.rffm.es/acta-partido/1798857,2026-08-09T17:45:40.805651+00:00
1798857,referee,5001860,"DE DIEGO SANCHEZ, DANIEL",Arbitro asistente,https://www.rffm.es/acta-partido/1798857,2026-08-09T17:45:40.805651+00:00
1784974,referee,5194388,"ACERO MONTES, ADRIÁ",Arbitro principal,https://www.rffm.es/acta-partido/1784974,2026-08-09T17:45:41.165340+00:00
1784974,referee,5002299,"SANCHEZ PRADOS, DAVID",Arbitro asistente,https://www.rffm.es/acta-partido/1784974,2026-08-09T17:45:41.165340+00:00
1784976,referee,5002296,"ALONSO ABAD, JOSE LUIS",Arbitro principal,https://www.rffm.es/acta-partido/1784976,2026-08-09T17:45:41.256179+00:00
1784976,referee,5000082,"ARIAS BARRIO, YOLANDA",Arbitro asistente,https://www.rffm.es/acta-partido/1784976,2026-08-09T17:45:41.256179+00:00
1784978,referee,5002640,"VIGIL PIRIS, FERNANDO",Arbitro principal,https://www.rffm.es/acta-partido/1784978,2026-08-09T17:45:41.322828+00:00
1784978,referee,5000476,"VIGIL MUÑOZ DE MORALES, SUSANA",Arbitro asistente,https://www.rffm.es/acta-partido/1784978,2026-08-09T17:45:41.322828+00:00
1784977,referee,5002317,"OTERO GARCIA, ALVARO",Arbitro principal,https://www.rffm.es/acta-partido/1784977,2026-08-09T17:45:41.405824+00:00
1784977,referee,5001938,"LOPEZ MORENO, ANGEL",Arbitro asistente,https://www.rffm.es/acta-partido/1784977,2026-08-09T17:45:41.405824+00:00
1784981,referee,5113231,"LOPEZ SERNA, MIGUEL ANGEL",Arbitro principal,https://www.rffm.es/acta-partido/1784981,2026-08-09T17:45:41.467184+00:00
1784981,referee,5100047,"GONZALEZ CRESPO, JAVIER",Arbitro asistente,https://www.rffm.es/acta-partido/1784981,2026-08-09T17:45:41.467184+00:00
1784979,referee,5000492,"JIMENEZ DE ORY, SANTIAGO",Arbitro principal,https://www.rffm.es/acta-partido/1784979,2026-08-09T17:45:41.474830+00:00
1784979,referee,5099850,"DERTEANO MARQUEZ, JESUS JAVIER",Arbitro asistente,https://www.rffm.es/acta-partido/1784979,2026-08-09T17:45:41.474830+00:00
1784980,referee,5113502,"PELAEZ SANCHEZ, RUBEN",Arbitro principal,https://www.rffm.es/acta-partido/1784980,2026-08-09T17:45:41.485822+00:00
1784980,referee,5175444,"MORENO RUPEREZ, JAVIER",Arbitro asistente,https://www.rffm.es/acta-partido/1784980,2026-08-09T17:45:41.485822+00:00
1784973,referee,5099523,"DE MIGUEL BALLESTEROS, MANUEL",Arbitro principal,https://www.rffm.es/acta-partido/1784973,2026-08-09T17:45:41.688794+00:00
1784973,referee,5099555,"HERNANDEZ HERNANDEZ, JULIAN ANDRES",Arbitro asistente,https://www.rffm.es/acta-partido/1784973,2026-08-09T17:45:41.688794+00:00
1784983,referee,5000053,"FERNANDEZ ALVAREZ, JOSE RAUL",Arbitro principal,https://www.rffm.es/acta-partido/1784983,2026-08-09T17:45:42.389987+00:00
1784983,referee,5002292,"SAN ROMAN DE LOS LLANOS, SERGIO",Arbitro asistente,https://www.rffm.es/acta-partido/1784983,2026-08-09T17:45:42.389987+00:00
1784987,referee,5002296,"ALONSO ABAD, JOSE LUIS",Arbitro principal,https://www.rffm.es/acta-partido/1784987,2026-08-09T17:45:42.930357+00:00
1784987,referee,5100361,"PEREZ MOSQUERA, JOSE MANUEL",Arbitro asistente,https://www.rffm.es/acta-partido/1784987,2026-08-09T17:45:42.930357+00:00
1784986,referee,5002298,"ALONSO ABAD, ÁLVARO",Arbitro principal,https://www.rffm.es/acta-partido/1784986,2026-08-09T17:45:42.932429+00:00
1784986,referee,5167798,"MILLAN VILLALOBOS, FERNANDO",Arbitro asistente,https://www.rffm.es/acta-partido/1784986,2026-08-09T17:45:42.932429+00:00
1784988,referee,5099523,"DE MIGUEL BALLESTEROS, MANUEL",Arbitro principal,https://www.rffm.es/acta-partido/1784988,2026-08-09T17:45:42.937753+00:00
1784988,referee,5002496,"JARQUE RUIZ, MIGUEL",Arbitro asistente,https://www.rffm.es/acta-partido/1784988,2026-08-09T17:45:42.937753+00:00
1784985,referee,5125200,"VILLAVERDE LUJAN, ALEJANDRO",Arbitro principal,https://www.rffm.es/acta-partido/1784985,2026-08-09T17:45:42.941084+00:00
1784985,referee,5100361,"PEREZ MOSQUERA, JOSE MANUEL",Arbitro asistente,https://www.rffm.es/acta-partido/1784985,2026-08-09T17:45:42.941084+00:00
1784990,referee,5000660,"MORENO DURAN, JORGE",Arbitro principal,https://www.rffm.es/acta-partido/1784990,2026-08-09T17:45:43.057833+00:00
1784990,referee,5171918,"BANCU , GEORGIANA ALINA",Arbitro asistente,https://www.rffm.es/acta-partido/1784990,2026-08-09T17:45:43.057833+00:00
1784982,referee,5099523,"DE MIGUEL BALLESTEROS, MANUEL",Arbitro principal,https://www.rffm.es/acta-partido/1784982,2026-08-09T17:45:43.152714+00:00
1784982,referee,5099572,"PEREZ GARCIA, MONICA",Arbitro asistente,https://www.rffm.es/acta-partido/1784982,2026-08-09T17:45:43.152714+00:00
1784984,referee,5014458,"CABELLO RUIZ-BURRUECOS, ANTONIO",Arbitro principal,https://www.rffm.es/acta-partido/1784984,2026-08-09T17:45:43.153428+00:00
1784984,referee,5193590,"CALVIA VALENCIA, ROCIO",Arbitro asistente,https://www.rffm.es/acta-partido/1784984,2026-08-09T17:45:43.153428+00:00
1784989,referee,5001637,"CUBERO GARCIA, CRISTIAN",Arbitro principal,https://www.rffm.es/acta-partido/1784989,2026-08-09T17:45:43.649311+00:00
1784989,referee,5153629,"DEVOLI ARIAS, RAFFAELE",Arbitro asistente,https://www.rffm.es/acta-partido/1784989,2026-08-09T17:45:43.649311+00:00
1784999,referee,5125205,"PUERTO DIEZ, SERGIO",Arbitro principal,https://www.rffm.es/acta-partido/1784999,2026-08-09T17:45:43.744234+00:00
1784999,referee,5195026,"POZA CREMER, GUILLERMO",Arbitro asistente,https://www.rffm.es/acta-partido/1784999,2026-08-09T17:45:43.744234+00:00
1784994,referee,5125205,"PUERTO DIEZ, SERGIO",Arbitro principal,https://www.rffm.es/acta-partido/1784994,2026-08-09T17:45:43.775234+00:00
1784994,referee,5002292,"SAN ROMAN DE LOS LLANOS, SERGIO",Arbitro asistente,https://www.rffm.es/acta-partido/1784994,2026-08-09T17:45:43.775234+00:00
1784993,referee,5002690,"RUBIO RUIZ, EMILIO RODOLFO",Arbitro principal,https://www.rffm.es/acta-partido/1784993,2026-08-09T17:45:43.869910+00:00
1784993,referee,5152607,"GUINOT BEDRAN, FATIMA",Arbitro asistente,https://www.rffm.es/acta-partido/1784993,2026-08-09T17:45:43.869910+00:00
1784991,referee,5099482,"BELHADJ EL BOUTROUKI, YOUSSEF",Arbitro principal,https://www.rffm.es/acta-partido/1784991,2026-08-09T17:45:43.875467+00:00
1784991,referee,5002632,"GUTIERREZ SERNA, ELENA",Arbitro asistente,https://www.rffm.es/acta-partido/1784991,2026-08-09T17:45:43.875467+00:00
1784995,referee,5002496,"JARQUE RUIZ, MIGUEL",Arbitro principal,https://www.rffm.es/acta-partido/1784995,2026-08-09T17:45:43.881137+00:00
1784995,referee,5099572,"PEREZ GARCIA, MONICA",Arbitro asistente,https://www.rffm.es/acta-partido/1784995,2026-08-09T17:45:43.881137+00:00
1784992,referee,5125040,"LEOZ NUÑEZ, JORGE",Arbitro principal,https://www.rffm.es/acta-partido/1784992,2026-08-09T17:45:43.909078+00:00
1784992,referee,5001557,"GONZALEZ ALCAIDE, CRISTINA",Arbitro asistente,https://www.rffm.es/acta-partido/1784992,2026-08-09T17:45:43.909078+00:00
1784996,referee,5001863,"MAYO LOPEZ, HECTOR",Arbitro principal,https://www.rffm.es/acta-partido/1784996,2026-08-09T17:45:44.219698+00:00
1784996,referee,5100361,"PEREZ MOSQUERA, JOSE MANUEL",Arbitro asistente,https://www.rffm.es/acta-partido/1784996,2026-08-09T17:45:44.219698+00:00
1784997,referee,5001869,"FERNANDEZ CARDENAS, DAVID",Arbitro principal,https://www.rffm.es/acta-partido/1784997,2026-08-09T17:45:44.922471+00:00
1784997,referee,5113305,"BARRIOS AYUSO, IRIS YUDIT",Arbitro asistente,https://www.rffm.es/acta-partido/1784997,2026-08-09T17:45:44.922471+00:00
1784998,referee,5001863,"MAYO LOPEZ, HECTOR",Arbitro principal,https://www.rffm.es/acta-partido/1784998,2026-08-09T17:45:45.001644+00:00
1784998,referee,5100361,"PEREZ MOSQUERA, JOSE MANUEL",Arbitro asistente,https://www.rffm.es/acta-partido/1784998,2026-08-09T17:45:45.001644+00:00
1785000,referee,5002496,"JARQUE RUIZ, MIGUEL",Arbitro principal,https://www.rffm.es/acta-partido/1785000,2026-08-09T17:45:45.059854+00:00
1785000,referee,5099482,"BELHADJ EL BOUTROUKI, YOUSSEF",Arbitro asistente,https://www.rffm.es/acta-partido/1785000,2026-08-09T17:45:45.059854+00:00
1785001,referee,5000833,"TOLEDO FERNANDEZ, ALEJANDRO",Arbitro principal,https://www.rffm.es/acta-partido/1785001,2026-08-09T17:45:45.063823+00:00
1785001,referee,5002715,"ORTEGA RODRIGUEZ, VICENTE",Arbitro asistente,https://www.rffm.es/acta-partido/1785001,2026-08-09T17:45:45.063823+00:00
1785005,referee,5077533,"TORRES DE LA TORRE, MARIO",Arbitro principal,https://www.rffm.es/acta-partido/1785005,2026-08-09T17:45:45.121144+00:00
1785005,referee,5002722,"PINTADO MAS, CARLOS",Arbitro asistente,https://www.rffm.es/acta-partido/1785005,2026-08-09T17:45:45.121144+00:00
1785004,referee,5001562,"RODRIGUEZ GIMENO, VICTOR DAVID",Arbitro principal,https://www.rffm.es/acta-partido/1785004,2026-08-09T17:45:45.221502+00:00
1785004,referee,5090439,"BOADA MARTINEZ, FRANCISCO JAVIER",Arbitro asistente,https://www.rffm.es/acta-partido/1785004,2026-08-09T17:45:45.221502+00:00
1785003,referee,5113502,"PELAEZ SANCHEZ, RUBEN",Arbitro principal,https://www.rffm.es/acta-partido/1785003,2026-08-09T17:45:45.387393+00:00
1785003,referee,5175501,"DUQUE GUEVARA, PABLO",Arbitro asistente,https://www.rffm.es/acta-partido/1785003,2026-08-09T17:45:45.387393+00:00
1785002,referee,5002298,"ALONSO ABAD, ÁLVARO",Arbitro principal,https://www.rffm.es/acta-partido/1785002,2026-08-09T17:45:45.393031+00:00
1785002,referee,5002285,"CIEZA SANCHEZ, DANIEL",Arbitro asistente,https://www.rffm.es/acta-partido/1785002,2026-08-09T17:45:45.393031+00:00
1785007,referee,5002298,"ALONSO ABAD, ÁLVARO",Arbitro principal,https://www.rffm.es/acta-partido/1785007,2026-08-09T17:45:46.202324+00:00
1785007,referee,5001557,"GONZALEZ ALCAIDE, CRISTINA",Arbitro asistente,https://www.rffm.es/acta-partido/1785007,2026-08-09T17:45:46.202324+00:00
1785008,referee,5000872,"DEL HOYO PEREZ, IVAN",Arbitro principal,https://www.rffm.es/acta-partido/1785008,2026-08-09T17:45:46.203464+00:00
1785008,referee,5002574,"VILLEGAS OCAÑA, ALBA MARÍA",Arbitro asistente,https://www.rffm.es/acta-partido/1785008,2026-08-09T17:45:46.203464+00:00
1785006,referee,5000872,"DEL HOYO PEREZ, IVAN",Arbitro principal,https://www.rffm.es/acta-partido/1785006,2026-08-09T17:45:46.268230+00:00
1785006,referee,5167581,"CASIELLES PARRALEJO, JUAN MANUEL",Arbitro asistente,https://www.rffm.es/acta-partido/1785006,2026-08-09T17:45:46.268230+00:00
1785011,referee,5077533,"TORRES DE LA TORRE, MARIO",Arbitro principal,https://www.rffm.es/acta-partido/1785011,2026-08-09T17:45:46.393937+00:00
1785011,referee,5167676,"ALVARADO GARCIA, DIEGO",Arbitro asistente,https://www.rffm.es/acta-partido/1785011,2026-08-09T17:45:46.393937+00:00
1785010,referee,5001840,"SANCHEZ HERREROS, ROBERTO MANUEL",Arbitro principal,https://www.rffm.es/acta-partido/1785010,2026-08-09T17:45:46.394681+00:00
1785010,referee,5100047,"GONZALEZ CRESPO, JAVIER",Arbitro asistente,https://www.rffm.es/acta-partido/1785010,2026-08-09T17:45:46.394681+00:00
1785012,referee,5002518,"BAEZ PERANDONES, ADRIAN",Arbitro principal,https://www.rffm.es/acta-partido/1785012,2026-08-09T17:45:46.399889+00:00
1785012,referee,5152607,"GUINOT BEDRAN, FATIMA",Arbitro asistente,https://www.rffm.es/acta-partido/1785012,2026-08-09T17:45:46.399889+00:00
1785009,referee,5000409,"PELAEZ RODRIGUEZ, LUIS MIGUEL",Arbitro principal,https://www.rffm.es/acta-partido/1785009,2026-08-09T17:45:46.423794+00:00
1785009,referee,5143075,"PUERTA VARGAS, CARLOS",Arbitro asistente,https://www.rffm.es/acta-partido/1785009,2026-08-09T17:45:46.423794+00:00
1785013,referee,5099265,"SANZ GONZALEZ, JAVIER",Arbitro principal,https://www.rffm.es/acta-partido/1785013,2026-08-09T17:45:46.645756+00:00
1785013,referee,5002574,"VILLEGAS OCAÑA, ALBA MARÍA",Arbitro asistente,https://www.rffm.es/acta-partido/1785013,2026-08-09T17:45:46.645756+00:00
1785014,referee,5002513,"ORTIZ MARQUEZ, GABRIEL",Arbitro principal,https://www.rffm.es/acta-partido/1785014,2026-08-09T17:45:47.382856+00:00
1785014,referee,5001938,"LOPEZ MORENO, ANGEL",Arbitro asistente,https://www.rffm.es/acta-partido/1785014,2026-08-09T17:45:47.382856+00:00
1785017,referee,5083541,"CELADOR HERNANDEZ, SERGIO",Arbitro principal,https://www.rffm.es/acta-partido/1785017,2026-08-09T17:45:47.418577+00:00
1785017,referee,5000374,"LOSADA PEREZ, JESUS",Arbitro asistente,https://www.rffm.es/acta-partido/1785017,2026-08-09T17:45:47.418577+00:00
1785015,referee,5002690,"RUBIO RUIZ, EMILIO RODOLFO",Arbitro principal,https://www.rffm.es/acta-partido/1785015,2026-08-09T17:45:47.578369+00:00
1785015,referee,5152617,"IZQUIERDO LANZA, JORGE",Arbitro asistente,https://www.rffm.es/acta-partido/1785015,2026-08-09T17:45:47.578369+00:00
1785019,referee,5125200,"VILLAVERDE LUJAN, ALEJANDRO",Arbitro principal,https://www.rffm.es/acta-partido/1785019,2026-08-09T17:45:47.586746+00:00
1785019,referee,5001557,"GONZALEZ ALCAIDE, CRISTINA",Arbitro asistente,https://www.rffm.es/acta-partido/1785019,2026-08-09T17:45:47.586746+00:00
1785020,referee,5001861,"DE DIEGO SANCHEZ, MIGUEL ANGEL",Arbitro principal,https://www.rffm.es/acta-partido/1785020,2026-08-09T17:45:47.594353+00:00
1785020,referee,5167581,"CASIELLES PARRALEJO, JUAN MANUEL",Arbitro asistente,https://www.rffm.es/acta-partido/1785020,2026-08-09T17:45:47.594353+00:00
1785018,referee,5002491,"MARTIN RODILLA, DANIEL",Arbitro principal,https://www.rffm.es/acta-partido/1785018,2026-08-09T17:45:47.598101+00:00
1785018,referee,5002285,"CIEZA SANCHEZ, DANIEL",Arbitro asistente,https://www.rffm.es/acta-partido/1785018,2026-08-09T17:45:47.598101+00:00
1785016,referee,5002491,"MARTIN RODILLA, DANIEL",Arbitro principal,https://www.rffm.es/acta-partido/1785016,2026-08-09T17:45:47.603229+00:00
1785016,referee,5193590,"CALVIA VALENCIA, ROCIO",Arbitro asistente,https://www.rffm.es/acta-partido/1785016,2026-08-09T17:45:47.603229+00:00
1785021,referee,5002491,"MARTIN RODILLA, DANIEL",Arbitro principal,https://www.rffm.es/acta-partido/1785021,2026-08-09T17:45:47.920764+00:00
1785021,referee,5001938,"LOPEZ MORENO, ANGEL",Arbitro asistente,https://www.rffm.es/acta-partido/1785021,2026-08-09T17:45:47.920764+00:00
1785030,referee,5001622,"VILLA ANGUITA, ROBERTO",Arbitro principal,https://www.rffm.es/acta-partido/1785030,2026-08-09T17:45:48.887112+00:00
1785030,referee,5002546,"TOVAR RODRIGUEZ, FRANCISCO MIGUEL",Arbitro asistente,https://www.rffm.es/acta-partido/1785030,2026-08-09T17:45:48.887112+00:00
1785025,referee,5002513,"ORTIZ MARQUEZ, GABRIEL",Arbitro principal,https://www.rffm.es/acta-partido/1785025,2026-08-09T17:45:48.899385+00:00
1785025,referee,5002299,"SANCHEZ PRADOS, DAVID",Arbitro asistente,https://www.rffm.es/acta-partido/1785025,2026-08-09T17:45:48.899385+00:00
1785024,referee,5002543,"MANSO MARTIN, LUIS MANUEL",Arbitro principal,https://www.rffm.es/acta-partido/1785024,2026-08-09T17:45:48.899965+00:00
1785024,referee,5002285,"CIEZA SANCHEZ, DANIEL",Arbitro asistente,https://www.rffm.es/acta-partido/1785024,2026-08-09T17:45:48.899965+00:00
1785026,referee,5002543,"MANSO MARTIN, LUIS MANUEL",Arbitro principal,https://www.rffm.es/acta-partido/1785026,2026-08-09T17:45:48.916069+00:00
1785026,referee,5113535,"MARTIN GUTIERREZ, MIGUEL",Arbitro asistente,https://www.rffm.es/acta-partido/1785026,2026-08-09T17:45:48.916069+00:00
1785027,referee,5002518,"BAEZ PERANDONES, ADRIAN",Arbitro principal,https://www.rffm.es/acta-partido/1785027,2026-08-09T17:45:49.026839+00:00
1785027,referee,5194778,"BAEZ PERANDONES, RUTH",Arbitro asistente,https://www.rffm.es/acta-partido/1785027,2026-08-09T17:45:49.026839+00:00
1785028,referee,5099840,"MUÑOZ GORDO, JESUS",Arbitro principal,https://www.rffm.es/acta-partido/1785028,2026-08-09T17:45:49.038180+00:00
1785028,referee,5100361,"PEREZ MOSQUERA, JOSE MANUEL",Arbitro asistente,https://www.rffm.es/acta-partido/1785028,2026-08-09T17:45:49.038180+00:00
1785029,referee,5001860,"DE DIEGO SANCHEZ, DANIEL",Arbitro principal,https://www.rffm.es/acta-partido/1785029,2026-08-09T17:45:49.173985+00:00
1785029,referee,5002574,"VILLEGAS OCAÑA, ALBA MARÍA",Arbitro asistente,https://www.rffm.es/acta-partido/1785029,2026-08-09T17:45:49.173985+00:00
1785023,referee,5001562,"RODRIGUEZ GIMENO, VICTOR DAVID",Arbitro principal,https://www.rffm.es/acta-partido/1785023,2026-08-09T17:45:49.607740+00:00
1785023,referee,5002619,"ARAGON YUSTAS, RAFAEL",Arbitro asistente,https://www.rffm.es/acta-partido/1785023,2026-08-09T17:45:49.607740+00:00
1785032,referee,5001861,"DE DIEGO SANCHEZ, MIGUEL ANGEL",Arbitro principal,https://www.rffm.es/acta-partido/1785032,2026-08-09T17:45:49.901968+00:00
1785032,referee,5198448,"IGLESIAS OTERO, IKER",Arbitro asistente,https://www.rffm.es/acta-partido/1785032,2026-08-09T17:45:49.901968+00:00
1785033,referee,5000409,"PELAEZ RODRIGUEZ, LUIS MIGUEL",Arbitro principal,https://www.rffm.es/acta-partido/1785033,2026-08-09T17:45:49.947119+00:00
1785033,referee,5002546,"TOVAR RODRIGUEZ, FRANCISCO MIGUEL",Arbitro asistente,https://www.rffm.es/acta-partido/1785033,2026-08-09T17:45:49.947119+00:00
1785031,referee,5002296,"ALONSO ABAD, JOSE LUIS",Arbitro principal,https://www.rffm.es/acta-partido/1785031,2026-08-09T17:45:50.107499+00:00
1785031,referee,5002299,"SANCHEZ PRADOS, DAVID",Arbitro asistente,https://www.rffm.es/acta-partido/1785031,2026-08-09T17:45:50.107499+00:00
1785036,referee,5002720,"CABEZAS CASQUERO, IGNACIO",Arbitro principal,https://www.rffm.es/acta-partido/1785036,2026-08-09T17:45:50.199799+00:00
1785036,referee,5113305,"BARRIOS AYUSO, IRIS YUDIT",Arbitro asistente,https://www.rffm.es/acta-partido/1785036,2026-08-09T17:45:50.199799+00:00
1785035,referee,5113502,"PELAEZ SANCHEZ, RUBEN",Arbitro principal,https://www.rffm.es/acta-partido/1785035,2026-08-09T17:45:50.229701+00:00
1785035,referee,5000267,"DOMINGUEZ SANCHEZ, MIGUEL ANGEL",Arbitro asistente,https://www.rffm.es/acta-partido/1785035,2026-08-09T17:45:50.229701+00:00
1785037,referee,5115366,"GOMEZ TARDON, DANIEL",Arbitro principal,https://www.rffm.es/acta-partido/1785037,2026-08-09T17:45:50.341349+00:00
1785037,referee,5152607,"GUINOT BEDRAN, FATIMA",Arbitro asistente,https://www.rffm.es/acta-partido/1785037,2026-08-09T17:45:50.341349+00:00
1785034,referee,5099265,"SANZ GONZALEZ, JAVIER",Arbitro principal,https://www.rffm.es/acta-partido/1785034,2026-08-09T17:45:50.346500+00:00
1785034,referee,5100047,"GONZALEZ CRESPO, JAVIER",Arbitro asistente,https://www.rffm.es/acta-partido/1785034,2026-08-09T17:45:50.346500+00:00
1785038,referee,5144979,"OLMOS VILLALBA, PEDRO",Arbitro principal,https://www.rffm.es/acta-partido/1785038,2026-08-09T17:45:50.450099+00:00
1785038,referee,5113305,"BARRIOS AYUSO, IRIS YUDIT",Arbitro asistente,https://www.rffm.es/acta-partido/1785038,2026-08-09T17:45:50.450099+00:00
1785039,referee,5002030,"GIL LOPEZ, FRANCISCO JAVIER",Arbitro principal,https://www.rffm.es/acta-partido/1785039,2026-08-09T17:45:51.172522+00:00
1785039,referee,5099572,"PEREZ GARCIA, MONICA",Arbitro asistente,https://www.rffm.es/acta-partido/1785039,2026-08-09T17:45:51.172522+00:00
1785045,referee,5125205,"PUERTO DIEZ, SERGIO",Arbitro principal,https://www.rffm.es/acta-partido/1785045,2026-08-09T17:45:51.375207+00:00
1785045,referee,5000267,"DOMINGUEZ SANCHEZ, MIGUEL ANGEL",Arbitro asistente,https://www.rffm.es/acta-partido/1785045,2026-08-09T17:45:51.375207+00:00
1785042,referee,5002720,"CABEZAS CASQUERO, IGNACIO",Arbitro principal,https://www.rffm.es/acta-partido/1785042,2026-08-09T17:45:51.380669+00:00
1785042,referee,5001938,"LOPEZ MORENO, ANGEL",Arbitro asistente,https://www.rffm.es/acta-partido/1785042,2026-08-09T17:45:51.380669+00:00
1785044,referee,5000286,"CASTRO MERINO, OSCAR",Arbitro principal,https://www.rffm.es/acta-partido/1785044,2026-08-09T17:45:51.413717+00:00
1785044,referee,5099572,"PEREZ GARCIA, MONICA",Arbitro asistente,https://www.rffm.es/acta-partido/1785044,2026-08-09T17:45:51.413717+00:00
1785041,referee,5077533,"TORRES DE LA TORRE, MARIO",Arbitro principal,https://www.rffm.es/acta-partido/1785041,2026-08-09T17:45:51.431259+00:00
1785041,referee,5002574,"VILLEGAS OCAÑA, ALBA MARÍA",Arbitro asistente,https://www.rffm.es/acta-partido/1785041,2026-08-09T17:45:51.431259+00:00
1785043,referee,5000409,"PELAEZ RODRIGUEZ, LUIS MIGUEL",Arbitro principal,https://www.rffm.es/acta-partido/1785043,2026-08-09T17:45:51.463273+00:00
1785043,referee,5001938,"LOPEZ MORENO, ANGEL",Arbitro asistente,https://www.rffm.es/acta-partido/1785043,2026-08-09T17:45:51.463273+00:00
1785040,referee,5172089,"GONZALEZ RUBIO, ADRIAN",Arbitro principal,https://www.rffm.es/acta-partido/1785040,2026-08-09T17:45:51.471199+00:00
1785040,referee,5113305,"BARRIOS AYUSO, IRIS YUDIT",Arbitro asistente,https://www.rffm.es/acta-partido/1785040,2026-08-09T17:45:51.471199+00:00
1785046,referee,5172089,"GONZALEZ RUBIO, ADRIAN",Arbitro principal,https://www.rffm.es/acta-partido/1785046,2026-08-09T17:45:51.675271+00:00
1785046,referee,5000374,"LOSADA PEREZ, JESUS",Arbitro asistente,https://www.rffm.es/acta-partido/1785046,2026-08-09T17:45:51.675271+00:00
1785053,referee,5077533,"TORRES DE LA TORRE, MARIO",Arbitro principal,https://www.rffm.es/acta-partido/1785053,2026-08-09T17:45:52.426463+00:00
1785053,referee,5174112,"MARTIN CANO, DANIEL",Arbitro asistente,https://www.rffm.es/acta-partido/1785053,2026-08-09T17:45:52.426463+00:00
1785047,referee,5002491,"MARTIN RODILLA, DANIEL",Arbitro principal,https://www.rffm.es/acta-partido/1785047,2026-08-09T17:45:52.427012+00:00
1785047,referee,5001938,"LOPEZ MORENO, ANGEL",Arbitro asistente,https://www.rffm.es/acta-partido/1785047,2026-08-09T17:45:52.427012+00:00
1785051,referee,5002513,"ORTIZ MARQUEZ, GABRIEL",Arbitro principal,https://www.rffm.es/acta-partido/1785051,2026-08-09T17:45:52.828134+00:00
1785051,referee,5113305,"BARRIOS AYUSO, IRIS YUDIT",Arbitro asistente,https://www.rffm.es/acta-partido/1785051,2026-08-09T17:45:52.828134+00:00
1785048,referee,5001731,"RODRIGUEZ BLANCO, FELIPE",Arbitro principal,https://www.rffm.es/acta-partido/1785048,2026-08-09T17:45:52.895803+00:00
1785048,referee,5152668,"NOVELLA HERGUIDO, ALICIA",Arbitro asistente,https://www.rffm.es/acta-partido/1785048,2026-08-09T17:45:52.895803+00:00
1785052,referee,5113502,"PELAEZ SANCHEZ, RUBEN",Arbitro principal,https://www.rffm.es/acta-partido/1785052,2026-08-09T17:45:52.902548+00:00
1785052,referee,5139594,"LARRUBIA PAJARES, JAIME",Arbitro asistente,https://www.rffm.es/acta-partido/1785052,2026-08-09T17:45:52.902548+00:00
1785050,referee,5115366,"GOMEZ TARDON, DANIEL",Arbitro principal,https://www.rffm.es/acta-partido/1785050,2026-08-09T17:45:52.907146+00:00
1785050,referee,5193590,"CALVIA VALENCIA, ROCIO",Arbitro asistente,https://www.rffm.es/acta-partido/1785050,2026-08-09T17:45:52.907146+00:00
1785054,referee,5125205,"PUERTO DIEZ, SERGIO",Arbitro principal,https://www.rffm.es/acta-partido/1785054,2026-08-09T17:45:52.938881+00:00
1785054,referee,5000267,"DOMINGUEZ SANCHEZ, MIGUEL ANGEL",Arbitro asistente,https://www.rffm.es/acta-partido/1785054,2026-08-09T17:45:52.938881+00:00
1785049,referee,5002496,"JARQUE RUIZ, MIGUEL",Arbitro principal,https://www.rffm.es/acta-partido/1785049,2026-08-09T17:45:53.081671+00:00
1785049,referee,5099572,"PEREZ GARCIA, MONICA",Arbitro asistente,https://www.rffm.es/acta-partido/1785049,2026-08-09T17:45:53.081671+00:00
1785055,referee,5090380,"RIVAS MARTINEZ, CARLOS",Arbitro principal,https://www.rffm.es/acta-partido/1785055,2026-08-09T17:45:53.636267+00:00
1785055,referee,5125200,"VILLAVERDE LUJAN, ALEJANDRO",Arbitro asistente,https://www.rffm.es/acta-partido/1785055,2026-08-09T17:45:53.636267+00:00
1785057,referee,5001730,"RODRIGUEZ BLANCO, ANTONIO",Arbitro principal,https://www.rffm.es/acta-partido/1785057,2026-08-09T17:45:53.640606+00:00
1785057,referee,5001194,"GUINOT BEDRAN, JOSE MANUEL",Arbitro asistente,https://www.rffm.es/acta-partido/1785057,2026-08-09T17:45:53.640606+00:00
1785056,referee,5000286,"CASTRO MERINO, OSCAR",Arbitro principal,https://www.rffm.es/acta-partido/1785056,2026-08-09T17:45:53.781430+00:00
1785056,referee,5002632,"GUTIERREZ SERNA, ELENA",Arbitro asistente,https://www.rffm.es/acta-partido/1785056,2026-08-09T17:45:53.781430+00:00
1785058,referee,5001870,"ARAGON GONZALEZ, ROBERTO",Arbitro principal,https://www.rffm.es/acta-partido/1785058,2026-08-09T17:45:53.849971+00:00
1785058,referee,5194381,"DOMINGUEZ RODRIGO, BORJA NOE",Arbitro asistente,https://www.rffm.es/acta-partido/1785058,2026-08-09T17:45:53.849971+00:00
1785062,referee,5115366,"GOMEZ TARDON, DANIEL",Arbitro principal,https://www.rffm.es/acta-partido/1785062,2026-08-09T17:45:53.854914+00:00
1785062,referee,5194376,"BRIONES COLLADO, FRANCISCO JAVIER",Arbitro asistente,https://www.rffm.es/acta-partido/1785062,2026-08-09T17:45:53.854914+00:00
1785059,referee,5001622,"VILLA ANGUITA, ROBERTO",Arbitro principal,https://www.rffm.es/acta-partido/1785059,2026-08-09T17:45:53.862656+00:00
1785059,referee,5194376,"BRIONES COLLADO, FRANCISCO JAVIER",Arbitro asistente,https://www.rffm.es/acta-partido/1785059,2026-08-09T17:45:53.862656+00:00
1785063,referee,5002030,"GIL LOPEZ, FRANCISCO JAVIER",Arbitro principal,https://www.rffm.es/acta-partido/1785063,2026-08-09T17:45:53.880985+00:00
1785063,referee,5099523,"DE MIGUEL BALLESTEROS, MANUEL",Arbitro asistente,https://www.rffm.es/acta-partido/1785063,2026-08-09T17:45:53.880985+00:00
1785060,referee,5001559,"CASTILLO OLIVA, JULIO",Arbitro principal,https://www.rffm.es/acta-partido/1785060,2026-08-09T17:45:54.183716+00:00
1785060,referee,5174112,"MARTIN CANO, DANIEL",Arbitro asistente,https://www.rffm.es/acta-partido/1785060,2026-08-09T17:45:54.183716+00:00
1785065,referee,5172089,"GONZALEZ RUBIO, ADRIAN",Arbitro principal,https://www.rffm.es/acta-partido/1785065,2026-08-09T17:45:54.928241+00:00
1785065,referee,5058170,"ALEJANO ARENAS, GONZALO",Arbitro asistente,https://www.rffm.es/acta-partido/1785065,2026-08-09T17:45:54.928241+00:00
1785064,referee,5077533,"TORRES DE LA TORRE, MARIO",Arbitro principal,https://www.rffm.es/acta-partido/1785064,2026-08-09T17:45:55.146210+00:00
1785064,referee,5000374,"LOSADA PEREZ, JESUS",Arbitro asistente,https://www.rffm.es/acta-partido/1785064,2026-08-09T17:45:55.146210+00:00
1785066,referee,5000409,"PELAEZ RODRIGUEZ, LUIS MIGUEL",Arbitro principal,https://www.rffm.es/acta-partido/1785066,2026-08-09T17:45:55.174167+00:00
1785066,referee,5001938,"LOPEZ MORENO, ANGEL",Arbitro asistente,https://www.rffm.es/acta-partido/1785066,2026-08-09T17:45:55.174167+00:00
1785068,referee,5002513,"ORTIZ MARQUEZ, GABRIEL",Arbitro principal,https://www.rffm.es/acta-partido/1785068,2026-08-09T17:45:55.201877+00:00
1785068,referee,5002574,"VILLEGAS OCAÑA, ALBA MARÍA",Arbitro asistente,https://www.rffm.es/acta-partido/1785068,2026-08-09T17:45:55.201877+00:00
1785069,referee,5002720,"CABEZAS CASQUERO, IGNACIO",Arbitro principal,https://www.rffm.es/acta-partido/1785069,2026-08-09T17:45:55.206814+00:00
1785069,referee,5002285,"CIEZA SANCHEZ, DANIEL",Arbitro asistente,https://www.rffm.es/acta-partido/1785069,2026-08-09T17:45:55.206814+00:00
1785067,referee,5001622,"VILLA ANGUITA, ROBERTO",Arbitro principal,https://www.rffm.es/acta-partido/1785067,2026-08-09T17:45:55.339064+00:00
1785067,referee,5001194,"GUINOT BEDRAN, JOSE MANUEL",Arbitro asistente,https://www.rffm.es/acta-partido/1785067,2026-08-09T17:45:55.339064+00:00
1785072,referee,5001622,"VILLA ANGUITA, ROBERTO",Arbitro principal,https://www.rffm.es/acta-partido/1785072,2026-08-09T17:45:55.687611+00:00
1785072,referee,5001194,"GUINOT BEDRAN, JOSE MANUEL",Arbitro asistente,https://www.rffm.es/acta-partido/1785072,2026-08-09T17:45:55.687611+00:00
1785073,referee,5099265,"SANZ GONZALEZ, JAVIER",Arbitro principal,https://www.rffm.es/acta-partido/1785073,2026-08-09T17:45:56.452901+00:00
1785073,referee,5144987,"SANZ GONZALEZ, PABLO",Arbitro asistente,https://www.rffm.es/acta-partido/1785073,2026-08-09T17:45:56.452901+00:00
1785075,referee,5000409,"PELAEZ RODRIGUEZ, LUIS MIGUEL",Arbitro principal,https://www.rffm.es/acta-partido/1785075,2026-08-09T17:45:56.521020+00:00
1785075,referee,5002292,"SAN ROMAN DE LOS LLANOS, SERGIO",Arbitro asistente,https://www.rffm.es/acta-partido/1785075,2026-08-09T17:45:56.521020+00:00
1785078,referee,5001559,"CASTILLO OLIVA, JULIO",Arbitro principal,https://www.rffm.es/acta-partido/1785078,2026-08-09T17:45:56.528842+00:00
1785078,referee,5002574,"VILLEGAS OCAÑA, ALBA MARÍA",Arbitro asistente,https://www.rffm.es/acta-partido/1785078,2026-08-09T17:45:56.528842+00:00
1785077,referee,5001622,"VILLA ANGUITA, ROBERTO",Arbitro principal,https://www.rffm.es/acta-partido/1785077,2026-08-09T17:45:56.533158+00:00
1785077,referee,5001194,"GUINOT BEDRAN, JOSE MANUEL",Arbitro asistente,https://www.rffm.es/acta-partido/1785077,2026-08-09T17:45:56.533158+00:00
1785074,referee,5077533,"TORRES DE LA TORRE, MARIO",Arbitro principal,https://www.rffm.es/acta-partido/1785074,2026-08-09T17:45:56.545806+00:00
1785074,referee,5113305,"BARRIOS AYUSO, IRIS YUDIT",Arbitro asistente,https://www.rffm.es/acta-partido/1785074,2026-08-09T17:45:56.545806+00:00
1785071,referee,5001840,"SANCHEZ HERREROS, ROBERTO MANUEL",Arbitro principal,https://www.rffm.es/acta-partido/1785071,2026-08-09T17:45:56.559610+00:00
1785071,referee,5152607,"GUINOT BEDRAN, FATIMA",Arbitro asistente,https://www.rffm.es/acta-partido/1785071,2026-08-09T17:45:56.559610+00:00
1785070,referee,5002491,"MARTIN RODILLA, DANIEL",Arbitro principal,https://www.rffm.es/acta-partido/1785070,2026-08-09T17:45:56.681574+00:00
1785070,referee,5152607,"GUINOT BEDRAN, FATIMA",Arbitro asistente,https://www.rffm.es/acta-partido/1785070,2026-08-09T17:45:56.681574+00:00
1785076,referee,5090380,"RIVAS MARTINEZ, CARLOS",Arbitro principal,https://www.rffm.es/acta-partido/1785076,2026-08-09T17:45:57.031475+00:00
1785076,referee,5152607,"GUINOT BEDRAN, FATIMA",Arbitro asistente,https://www.rffm.es/acta-partido/1785076,2026-08-09T17:45:57.031475+00:00
1785082,referee,5002491,"MARTIN RODILLA, DANIEL",Arbitro principal,https://www.rffm.es/acta-partido/1785082,2026-08-09T17:45:57.457276+00:00
1785082,referee,5001938,"LOPEZ MORENO, ANGEL",Arbitro asistente,https://www.rffm.es/acta-partido/1785082,2026-08-09T17:45:57.457276+00:00
1785087,referee,5002720,"CABEZAS CASQUERO, IGNACIO",Arbitro principal,https://www.rffm.es/acta-partido/1785087,2026-08-09T17:45:57.463427+00:00
1785087,referee,5174112,"MARTIN CANO, DANIEL",Arbitro asistente,https://www.rffm.es/acta-partido/1785087,2026-08-09T17:45:57.463427+00:00
1785081,referee,5001622,"VILLA ANGUITA, ROBERTO",Arbitro principal,https://www.rffm.es/acta-partido/1785081,2026-08-09T17:45:57.498737+00:00
1785081,referee,5001194,"GUINOT BEDRAN, JOSE MANUEL",Arbitro asistente,https://www.rffm.es/acta-partido/1785081,2026-08-09T17:45:57.498737+00:00
1785080,referee,5172089,"GONZALEZ RUBIO, ADRIAN",Arbitro principal,https://www.rffm.es/acta-partido/1785080,2026-08-09T17:45:57.653804+00:00
1785080,referee,5175643,"LIU, ZHOUQI",Arbitro asistente,https://www.rffm.es/acta-partido/1785080,2026-08-09T17:45:57.653804+00:00
1785083,referee,5002296,"ALONSO ABAD, JOSE LUIS",Arbitro principal,https://www.rffm.es/acta-partido/1785083,2026-08-09T17:45:57.662512+00:00
1785083,referee,5152607,"GUINOT BEDRAN, FATIMA",Arbitro asistente,https://www.rffm.es/acta-partido/1785083,2026-08-09T17:45:57.662512+00:00
1785079,referee,5000409,"PELAEZ RODRIGUEZ, LUIS MIGUEL",Arbitro principal,https://www.rffm.es/acta-partido/1785079,2026-08-09T17:45:57.665530+00:00
1785079,referee,5001938,"LOPEZ MORENO, ANGEL",Arbitro asistente,https://www.rffm.es/acta-partido/1785079,2026-08-09T17:45:57.665530+00:00
1785084,referee,5002296,"ALONSO ABAD, JOSE LUIS",Arbitro principal,https://www.rffm.es/acta-partido/1785084,2026-08-09T17:45:57.669472+00:00
1785084,referee,5193590,"CALVIA VALENCIA, ROCIO",Arbitro asistente,https://www.rffm.es/acta-partido/1785084,2026-08-09T17:45:57.669472+00:00
1785085,referee,5002298,"ALONSO ABAD, ÁLVARO",Arbitro principal,https://www.rffm.es/acta-partido/1785085,2026-08-09T17:45:57.937138+00:00
1785085,referee,5002285,"CIEZA SANCHEZ, DANIEL",Arbitro asistente,https://www.rffm.es/acta-partido/1785085,2026-08-09T17:45:57.937138+00:00
1785086,referee,5002491,"MARTIN RODILLA, DANIEL",Arbitro principal,https://www.rffm.es/acta-partido/1785086,2026-08-09T17:45:58.662118+00:00
1785086,referee,5002716,"MARTIN GUTIERREZ, OLGA",Arbitro asistente,https://www.rffm.es/acta-partido/1785086,2026-08-09T17:45:58.662118+00:00
1785088,referee,5099265,"SANZ GONZALEZ, JAVIER",Arbitro principal,https://www.rffm.es/acta-partido/1785088,2026-08-09T17:45:58.666232+00:00
1785088,referee,5001938,"LOPEZ MORENO, ANGEL",Arbitro asistente,https://www.rffm.es/acta-partido/1785088,2026-08-09T17:45:58.666232+00:00
1785090,referee,5001863,"MAYO LOPEZ, HECTOR",Arbitro principal,https://www.rffm.es/acta-partido/1785090,2026-08-09T17:45:58.884596+00:00
1785090,referee,5113305,"BARRIOS AYUSO, IRIS YUDIT",Arbitro asistente,https://www.rffm.es/acta-partido/1785090,2026-08-09T17:45:58.884596+00:00
1785089,referee,5001622,"VILLA ANGUITA, ROBERTO",Arbitro principal,https://www.rffm.es/acta-partido/1785089,2026-08-09T17:45:58.889169+00:00
1785089,referee,5001194,"GUINOT BEDRAN, JOSE MANUEL",Arbitro asistente,https://www.rffm.es/acta-partido/1785089,2026-08-09T17:45:58.889169+00:00
1785092,referee,5099265,"SANZ GONZALEZ, JAVIER",Arbitro principal,https://www.rffm.es/acta-partido/1785092,2026-08-09T17:45:58.915549+00:00
1785092,referee,5194376,"BRIONES COLLADO, FRANCISCO JAVIER",Arbitro asistente,https://www.rffm.es/acta-partido/1785092,2026-08-09T17:45:58.915549+00:00
1785091,referee,5001559,"CASTILLO OLIVA, JULIO",Arbitro principal,https://www.rffm.es/acta-partido/1785091,2026-08-09T17:45:58.955268+00:00
1785091,referee,5000374,"LOSADA PEREZ, JESUS",Arbitro asistente,https://www.rffm.es/acta-partido/1785091,2026-08-09T17:45:58.955268+00:00
1785093,referee,5172089,"GONZALEZ RUBIO, ADRIAN",Arbitro principal,https://www.rffm.es/acta-partido/1785093,2026-08-09T17:45:58.991187+00:00
1785093,referee,5194621,"VICENTE BUTRAGUEÑO, LUIS JAVIER",Arbitro asistente,https://www.rffm.es/acta-partido/1785093,2026-08-09T17:45:58.991187+00:00
1798243,referee,5002518,"BAEZ PERANDONES, ADRIAN",Arbitro principal,https://www.rffm.es/acta-partido/1798243,2026-08-09T17:45:59.215585+00:00
1798243,referee,5174079,"MUÑOZ PICAZO, SANTOS",Arbitro asistente,https://www.rffm.es/acta-partido/1798243,2026-08-09T17:45:59.215585+00:00
1798247,referee,5002491,"MARTIN RODILLA, DANIEL",Arbitro principal,https://www.rffm.es/acta-partido/1798247,2026-08-09T17:46:00.084140+00:00
1798247,referee,5001860,"DE DIEGO SANCHEZ, DANIEL",Arbitro asistente,https://www.rffm.es/acta-partido/1798247,2026-08-09T17:46:00.084140+00:00
1798251,referee,5083541,"CELADOR HERNANDEZ, SERGIO",Arbitro principal,https://www.rffm.es/acta-partido/1798251,2026-08-09T17:46:00.131276+00:00
1798251,referee,5143075,"PUERTA VARGAS, CARLOS",Arbitro asistente,https://www.rffm.es/acta-partido/1798251,2026-08-09T17:46:00.131276+00:00
1798249,referee,5002296,"ALONSO ABAD, JOSE LUIS",Arbitro principal,https://www.rffm.es/acta-partido/1798249,2026-08-09T17:46:00.139055+00:00
1798249,referee,5000830,"ARJONA ESCALONA, MANUEL JOSE",Arbitro asistente,https://www.rffm.es/acta-partido/1798249,2026-08-09T17:46:00.139055+00:00
1798245,referee,5001559,"CASTILLO OLIVA, JULIO",Arbitro principal,https://www.rffm.es/acta-partido/1798245,2026-08-09T17:46:00.213258+00:00
1798245,referee,5002285,"CIEZA SANCHEZ, DANIEL",Arbitro asistente,https://www.rffm.es/acta-partido/1798245,2026-08-09T17:46:00.213258+00:00
1798248,referee,5001848,"LANCHAS RODRIGUEZ, ROBERTO",Arbitro principal,https://www.rffm.es/acta-partido/1798248,2026-08-09T17:46:00.327083+00:00
1798248,referee,5000911,"ALONSO ARRANZ, SHEILA",Arbitro asistente,https://www.rffm.es/acta-partido/1798248,2026-08-09T17:46:00.327083+00:00
1798246,referee,5001060,"MARTIN ALFONSO, MARIA CRUZ",Arbitro principal,https://www.rffm.es/acta-partido/1798246,2026-08-09T17:46:00.330535+00:00
1798246,referee,5109139,"GARCIA OLEGARIO, MARCOS",Arbitro asistente,https://www.rffm.es/acta-partido/1798246,2026-08-09T17:46:00.330535+00:00
1798244,referee,5002298,"ALONSO ABAD, ÁLVARO",Arbitro principal,https://www.rffm.es/acta-partido/1798244,2026-08-09T17:46:00.412217+00:00
1798244,referee,5100047,"GONZALEZ CRESPO, JAVIER",Arbitro asistente,https://www.rffm.es/acta-partido/1798244,2026-08-09T17:46:00.412217+00:00
1798250,referee,5001637,"CUBERO GARCIA, CRISTIAN",Arbitro principal,https://www.rffm.es/acta-partido/1798250,2026-08-09T17:46:00.518007+00:00
1798250,referee,5113305,"BARRIOS AYUSO, IRIS YUDIT",Arbitro asistente,https://www.rffm.es/acta-partido/1798250,2026-08-09T17:46:00.518007+00:00
1798257,referee,5002298,"ALONSO ABAD, ÁLVARO",Arbitro principal,https://www.rffm.es/acta-partido/1798257,2026-08-09T17:46:01.175696+00:00
1798257,referee,5002546,"TOVAR RODRIGUEZ, FRANCISCO MIGUEL",Arbitro asistente,https://www.rffm.es/acta-partido/1798257,2026-08-09T17:46:01.175696+00:00
1798255,referee,5002296,"ALONSO ABAD, JOSE LUIS",Arbitro principal,https://www.rffm.es/acta-partido/1798255,2026-08-09T17:46:01.353844+00:00
1798255,referee,5152607,"GUINOT BEDRAN, FATIMA",Arbitro asistente,https://www.rffm.es/acta-partido/1798255,2026-08-09T17:46:01.353844+00:00
1798253,referee,5077533,"TORRES DE LA TORRE, MARIO",Arbitro principal,https://www.rffm.es/acta-partido/1798253,2026-08-09T17:46:01.365185+00:00
1798253,referee,5202707,"JIMENEZ SALVADOR, CESAR",Arbitro asistente,https://www.rffm.es/acta-partido/1798253,2026-08-09T17:46:01.365185+00:00
1798254,referee,5002321,"GODOY BARROSO, DAVID",Arbitro principal,https://www.rffm.es/acta-partido/1798254,2026-08-09T17:46:01.385444+00:00
1798254,referee,5194348,"SVYATKOVSKYY KHOLYAVKA, ALEJANDRO",Arbitro asistente,https://www.rffm.es/acta-partido/1798254,2026-08-09T17:46:01.385444+00:00
1798252,referee,5172089,"GONZALEZ RUBIO, ADRIAN",Arbitro principal,https://www.rffm.es/acta-partido/1798252,2026-08-09T17:46:01.395359+00:00
1798252,referee,5167581,"CASIELLES PARRALEJO, JUAN MANUEL",Arbitro asistente,https://www.rffm.es/acta-partido/1798252,2026-08-09T17:46:01.395359+00:00
1798258,referee,5002720,"CABEZAS CASQUERO, IGNACIO",Arbitro principal,https://www.rffm.es/acta-partido/1798258,2026-08-09T17:46:01.616590+00:00
1798258,referee,5000374,"LOSADA PEREZ, JESUS",Arbitro asistente,https://www.rffm.es/acta-partido/1798258,2026-08-09T17:46:01.616590+00:00
1798259,referee,5001060,"MARTIN ALFONSO, MARIA CRUZ",Arbitro principal,https://www.rffm.es/acta-partido/1798259,2026-08-09T17:46:01.690347+00:00
1798259,referee,5002026,"VAZQUEZ OLEGARIO, EDUARDO",Arbitro asistente,https://www.rffm.es/acta-partido/1798259,2026-08-09T17:46:01.690347+00:00
1798256,referee,5001863,"MAYO LOPEZ, HECTOR",Arbitro principal,https://www.rffm.es/acta-partido/1798256,2026-08-09T17:46:01.757046+00:00
1798256,referee,5153629,"DEVOLI ARIAS, RAFFAELE",Arbitro asistente,https://www.rffm.es/acta-partido/1798256,2026-08-09T17:46:01.757046+00:00
1798264,referee,5172089,"GONZALEZ RUBIO, ADRIAN",Arbitro principal,https://www.rffm.es/acta-partido/1798264,2026-08-09T17:46:02.597978+00:00
1798264,referee,5152607,"GUINOT BEDRAN, FATIMA",Arbitro asistente,https://www.rffm.es/acta-partido/1798264,2026-08-09T17:46:02.597978+00:00
1798260,referee,5077533,"TORRES DE LA TORRE, MARIO",Arbitro principal,https://www.rffm.es/acta-partido/1798260,2026-08-09T17:46:02.603585+00:00
1798260,referee,5194807,"GARCIA PEÑA, SERGIO",Arbitro asistente,https://www.rffm.es/acta-partido/1798260,2026-08-09T17:46:02.603585+00:00
1798268,referee,5125205,"PUERTO DIEZ, SERGIO",Arbitro principal,https://www.rffm.es/acta-partido/1798268,2026-08-09T17:46:03.090680+00:00
1798268,referee,5194381,"DOMINGUEZ RODRIGO, BORJA NOE",Arbitro asistente,https://www.rffm.es/acta-partido/1798268,2026-08-09T17:46:03.090680+00:00
1798267,referee,5000833,"TOLEDO FERNANDEZ, ALEJANDRO",Arbitro principal,https://www.rffm.es/acta-partido/1798267,2026-08-09T17:46:03.420610+00:00
1798267,referee,5152607,"GUINOT BEDRAN, FATIMA",Arbitro asistente,https://www.rffm.es/acta-partido/1798267,2026-08-09T17:46:03.420610+00:00
1798261,referee,5002296,"ALONSO ABAD, JOSE LUIS",Arbitro principal,https://www.rffm.es/acta-partido/1798261,2026-08-09T17:46:03.427709+00:00
1798261,referee,5152607,"GUINOT BEDRAN, FATIMA",Arbitro asistente,https://www.rffm.es/acta-partido/1798261,2026-08-09T17:46:03.427709+00:00
1798265,referee,5001622,"VILLA ANGUITA, ROBERTO",Arbitro principal,https://www.rffm.es/acta-partido/1798265,2026-08-09T17:46:03.431456+00:00
1798265,referee,5194829,"JIMENEZ ESPERANZA, ALVARO",Arbitro asistente,https://www.rffm.es/acta-partido/1798265,2026-08-09T17:46:03.431456+00:00
1798262,referee,5002298,"ALONSO ABAD, ÁLVARO",Arbitro principal,https://www.rffm.es/acta-partido/1798262,2026-08-09T17:46:03.498624+00:00
1798262,referee,5175444,"MORENO RUPEREZ, JAVIER",Arbitro asistente,https://www.rffm.es/acta-partido/1798262,2026-08-09T17:46:03.498624+00:00
1798266,referee,5099840,"MUÑOZ GORDO, JESUS",Arbitro principal,https://www.rffm.es/acta-partido/1798266,2026-08-09T17:46:03.510865+00:00
1798266,referee,5001557,"GONZALEZ ALCAIDE, CRISTINA",Arbitro asistente,https://www.rffm.es/acta-partido/1798266,2026-08-09T17:46:03.510865+00:00
1798271,referee,5139594,"LARRUBIA PAJARES, JAIME",Arbitro principal,https://www.rffm.es/acta-partido/1798271,2026-08-09T17:46:03.898902+00:00
1798271,referee,5194381,"DOMINGUEZ RODRIGO, BORJA NOE",Arbitro asistente,https://www.rffm.es/acta-partido/1798271,2026-08-09T17:46:03.898902+00:00
1798270,referee,5001730,"RODRIGUEZ BLANCO, ANTONIO",Arbitro principal,https://www.rffm.es/acta-partido/1798270,2026-08-09T17:46:04.033195+00:00
1798270,referee,5175444,"MORENO RUPEREZ, JAVIER",Arbitro asistente,https://www.rffm.es/acta-partido/1798270,2026-08-09T17:46:04.033195+00:00
1798277,referee,5002518,"BAEZ PERANDONES, ADRIAN",Arbitro principal,https://www.rffm.es/acta-partido/1798277,2026-08-09T17:46:04.164354+00:00
1798277,referee,5002540,"LOPEZ-HIGUERAS ESCOBAR, CESAR",Arbitro asistente,https://www.rffm.es/acta-partido/1798277,2026-08-09T17:46:04.164354+00:00
1798273,referee,5001622,"VILLA ANGUITA, ROBERTO",Arbitro principal,https://www.rffm.es/acta-partido/1798273,2026-08-09T17:46:04.229939+00:00
1798273,referee,5152607,"GUINOT BEDRAN, FATIMA",Arbitro asistente,https://www.rffm.es/acta-partido/1798273,2026-08-09T17:46:04.229939+00:00
1798276,referee,5090439,"BOADA MARTINEZ, FRANCISCO JAVIER",Arbitro principal,https://www.rffm.es/acta-partido/1798276,2026-08-09T17:46:04.239751+00:00
1798276,referee,5001557,"GONZALEZ ALCAIDE, CRISTINA",Arbitro asistente,https://www.rffm.es/acta-partido/1798276,2026-08-09T17:46:04.239751+00:00
1798280,referee,5099265,"SANZ GONZALEZ, JAVIER",Arbitro principal,https://www.rffm.es/acta-partido/1798280,2026-08-09T17:46:04.336552+00:00
1798280,referee,5194381,"DOMINGUEZ RODRIGO, BORJA NOE",Arbitro asistente,https://www.rffm.es/acta-partido/1798280,2026-08-09T17:46:04.336552+00:00
1798290,referee,5002491,"MARTIN RODILLA, DANIEL",Arbitro principal,https://www.rffm.es/acta-partido/1798290,2026-08-09T17:46:04.386509+00:00
1798290,referee,5001938,"LOPEZ MORENO, ANGEL",Arbitro asistente,https://www.rffm.es/acta-partido/1798290,2026-08-09T17:46:04.386509+00:00
1798274,referee,5099840,"MUÑOZ GORDO, JESUS",Arbitro principal,https://www.rffm.es/acta-partido/1798274,2026-08-09T17:46:04.396954+00:00
1798274,referee,5001557,"GONZALEZ ALCAIDE, CRISTINA",Arbitro asistente,https://www.rffm.es/acta-partido/1798274,2026-08-09T17:46:04.396954+00:00
1798284,referee,5001622,"VILLA ANGUITA, ROBERTO",Arbitro principal,https://www.rffm.es/acta-partido/1798284,2026-08-09T17:46:05.038989+00:00
1798284,referee,5001194,"GUINOT BEDRAN, JOSE MANUEL",Arbitro asistente,https://www.rffm.es/acta-partido/1798284,2026-08-09T17:46:05.038989+00:00
1798282,referee,5002720,"CABEZAS CASQUERO, IGNACIO",Arbitro principal,https://www.rffm.es/acta-partido/1798282,2026-08-09T17:46:05.240133+00:00
1798282,referee,5174112,"MARTIN CANO, DANIEL",Arbitro asistente,https://www.rffm.es/acta-partido/1798282,2026-08-09T17:46:05.240133+00:00
1798279,referee,5001731,"RODRIGUEZ BLANCO, FELIPE",Arbitro principal,https://www.rffm.es/acta-partido/1798279,2026-08-09T17:46:05.247543+00:00
1798279,referee,5001194,"GUINOT BEDRAN, JOSE MANUEL",Arbitro asistente,https://www.rffm.es/acta-partido/1798279,2026-08-09T17:46:05.247543+00:00
1798283,referee,5002491,"MARTIN RODILLA, DANIEL",Arbitro principal,https://www.rffm.es/acta-partido/1798283,2026-08-09T17:46:05.255285+00:00
1798283,referee,5001938,"LOPEZ MORENO, ANGEL",Arbitro asistente,https://www.rffm.es/acta-partido/1798283,2026-08-09T17:46:05.255285+00:00
1798287,referee,5000053,"FERNANDEZ ALVAREZ, JOSE RAUL",Arbitro principal,https://www.rffm.es/acta-partido/1798287,2026-08-09T17:46:05.368366+00:00
1798287,referee,5099572,"PEREZ GARCIA, MONICA",Arbitro asistente,https://www.rffm.es/acta-partido/1798287,2026-08-09T17:46:05.368366+00:00
1798285,referee,5172089,"GONZALEZ RUBIO, ADRIAN",Arbitro principal,https://www.rffm.es/acta-partido/1798285,2026-08-09T17:46:05.372663+00:00
1798285,referee,5194376,"BRIONES COLLADO, FRANCISCO JAVIER",Arbitro asistente,https://www.rffm.es/acta-partido/1798285,2026-08-09T17:46:05.372663+00:00
1798289,referee,5001622,"VILLA ANGUITA, ROBERTO",Arbitro principal,https://www.rffm.es/acta-partido/1798289,2026-08-09T17:46:05.801812+00:00
1798289,referee,5001194,"GUINOT BEDRAN, JOSE MANUEL",Arbitro asistente,https://www.rffm.es/acta-partido/1798289,2026-08-09T17:46:05.801812+00:00
1798286,referee,5144979,"OLMOS VILLALBA, PEDRO",Arbitro principal,https://www.rffm.es/acta-partido/1798286,2026-08-09T17:46:05.891865+00:00
1798286,referee,5100047,"GONZALEZ CRESPO, JAVIER",Arbitro asistente,https://www.rffm.es/acta-partido/1798286,2026-08-09T17:46:05.891865+00:00
1798292,referee,5115366,"GOMEZ TARDON, DANIEL",Arbitro principal,https://www.rffm.es/acta-partido/1798292,2026-08-09T17:46:06.178788+00:00
1798292,referee,5194376,"BRIONES COLLADO, FRANCISCO JAVIER",Arbitro asistente,https://www.rffm.es/acta-partido/1798292,2026-08-09T17:46:06.178788+00:00
1798288,referee,5001562,"RODRIGUEZ GIMENO, VICTOR DAVID",Arbitro principal,https://www.rffm.es/acta-partido/1798288,2026-08-09T17:46:06.186704+00:00
1798288,referee,5002285,"CIEZA SANCHEZ, DANIEL",Arbitro asistente,https://www.rffm.es/acta-partido/1798288,2026-08-09T17:46:06.186704+00:00
1798281,referee,5000286,"CASTRO MERINO, OSCAR",Arbitro principal,https://www.rffm.es/acta-partido/1798281,2026-08-09T17:46:06.465572+00:00
1798281,referee,5099572,"PEREZ GARCIA, MONICA",Arbitro asistente,https://www.rffm.es/acta-partido/1798281,2026-08-09T17:46:06.465572+00:00
1798291,referee,5125205,"PUERTO DIEZ, SERGIO",Arbitro principal,https://www.rffm.es/acta-partido/1798291,2026-08-09T17:46:06.472669+00:00
1798291,referee,5194381,"DOMINGUEZ RODRIGO, BORJA NOE",Arbitro asistente,https://www.rffm.es/acta-partido/1798291,2026-08-09T17:46:06.472669+00:00
1798293,referee,5002030,"GIL LOPEZ, FRANCISCO JAVIER",Arbitro principal,https://www.rffm.es/acta-partido/1798293,2026-08-09T17:46:06.527728+00:00
1798293,referee,5002011,"MARTIN BELCHI, ALEJANDRO LUIS",Arbitro asistente,https://www.rffm.es/acta-partido/1798293,2026-08-09T17:46:06.527728+00:00
1798295,referee,5099265,"SANZ GONZALEZ, JAVIER",Arbitro principal,https://www.rffm.es/acta-partido/1798295,2026-08-09T17:46:06.542567+00:00
1798295,referee,5194621,"VICENTE BUTRAGUEÑO, LUIS JAVIER",Arbitro asistente,https://www.rffm.es/acta-partido/1798295,2026-08-09T17:46:06.542567+00:00
1798294,referee,5001622,"VILLA ANGUITA, ROBERTO",Arbitro principal,https://www.rffm.es/acta-partido/1798294,2026-08-09T17:46:06.634232+00:00
1798294,referee,5001194,"GUINOT BEDRAN, JOSE MANUEL",Arbitro asistente,https://www.rffm.es/acta-partido/1798294,2026-08-09T17:46:06.634232+00:00
1798296,referee,5000409,"PELAEZ RODRIGUEZ, LUIS MIGUEL",Arbitro principal,https://www.rffm.es/acta-partido/1798296,2026-08-09T17:46:06.766216+00:00
1798296,referee,5175643,"LIU, ZHOUQI",Arbitro asistente,https://www.rffm.es/acta-partido/1798296,2026-08-09T17:46:06.766216+00:00
1798297,referee,5113502,"PELAEZ SANCHEZ, RUBEN",Arbitro principal,https://www.rffm.es/acta-partido/1798297,2026-08-09T17:46:07.440889+00:00
1798297,referee,5194376,"BRIONES COLLADO, FRANCISCO JAVIER",Arbitro asistente,https://www.rffm.es/acta-partido/1798297,2026-08-09T17:46:07.440889+00:00
1798298,referee,5099265,"SANZ GONZALEZ, JAVIER",Arbitro principal,https://www.rffm.es/acta-partido/1798298,2026-08-09T17:46:07.738904+00:00
1798298,referee,5195008,"MOLINA PEÑA, MARCO",Arbitro asistente,https://www.rffm.es/acta-partido/1798298,2026-08-09T17:46:07.738904+00:00
1798300,referee,5172089,"GONZALEZ RUBIO, ADRIAN",Arbitro principal,https://www.rffm.es/acta-partido/1798300,2026-08-09T17:46:07.868770+00:00
1798300,referee,5175444,"MORENO RUPEREZ, JAVIER",Arbitro asistente,https://www.rffm.es/acta-partido/1798300,2026-08-09T17:46:07.868770+00:00
1798301,referee,5077533,"TORRES DE LA TORRE, MARIO",Arbitro principal,https://www.rffm.es/acta-partido/1798301,2026-08-09T17:46:07.873022+00:00
1798301,referee,5000374,"LOSADA PEREZ, JESUS",Arbitro asistente,https://www.rffm.es/acta-partido/1798301,2026-08-09T17:46:07.873022+00:00
1798299,referee,5090439,"BOADA MARTINEZ, FRANCISCO JAVIER",Arbitro principal,https://www.rffm.es/acta-partido/1798299,2026-08-09T17:46:07.908658+00:00
1798299,referee,5113305,"BARRIOS AYUSO, IRIS YUDIT",Arbitro asistente,https://www.rffm.es/acta-partido/1798299,2026-08-09T17:46:07.908658+00:00
1798302,referee,5001840,"SANCHEZ HERREROS, ROBERTO MANUEL",Arbitro principal,https://www.rffm.es/acta-partido/1798302,2026-08-09T17:46:07.934097+00:00
1798302,referee,5113305,"BARRIOS AYUSO, IRIS YUDIT",Arbitro asistente,https://www.rffm.es/acta-partido/1798302,2026-08-09T17:46:07.934097+00:00
1798304,referee,5000409,"PELAEZ RODRIGUEZ, LUIS MIGUEL",Arbitro principal,https://www.rffm.es/acta-partido/1798304,2026-08-09T17:46:08.062579+00:00
1798304,referee,5000267,"DOMINGUEZ SANCHEZ, MIGUEL ANGEL",Arbitro asistente,https://www.rffm.es/acta-partido/1798304,2026-08-09T17:46:08.062579+00:00
1798305,referee,5002513,"ORTIZ MARQUEZ, GABRIEL",Arbitro principal,https://www.rffm.es/acta-partido/1798305,2026-08-09T17:46:08.068537+00:00
1798305,referee,5194621,"VICENTE BUTRAGUEÑO, LUIS JAVIER",Arbitro asistente,https://www.rffm.es/acta-partido/1798305,2026-08-09T17:46:08.068537+00:00
1798310,referee,5001622,"VILLA ANGUITA, ROBERTO",Arbitro principal,https://www.rffm.es/acta-partido/1798310,2026-08-09T17:46:08.858296+00:00
1798310,referee,5001194,"GUINOT BEDRAN, JOSE MANUEL",Arbitro asistente,https://www.rffm.es/acta-partido/1798310,2026-08-09T17:46:08.858296+00:00
1798306,referee,5115366,"GOMEZ TARDON, DANIEL",Arbitro principal,https://www.rffm.es/acta-partido/1798306,2026-08-09T17:46:08.906922+00:00
1798306,referee,5001860,"DE DIEGO SANCHEZ, DANIEL",Arbitro asistente,https://www.rffm.es/acta-partido/1798306,2026-08-09T17:46:08.906922+00:00
1798314,referee,5001840,"SANCHEZ HERREROS, ROBERTO MANUEL",Arbitro principal,https://www.rffm.es/acta-partido/1798314,2026-08-09T17:46:09.643995+00:00
1798314,referee,5194376,"BRIONES COLLADO, FRANCISCO JAVIER",Arbitro asistente,https://www.rffm.es/acta-partido/1798314,2026-08-09T17:46:09.643995+00:00
1798309,referee,5099265,"SANZ GONZALEZ, JAVIER",Arbitro principal,https://www.rffm.es/acta-partido/1798309,2026-08-09T17:46:09.802108+00:00
1798309,referee,5194381,"DOMINGUEZ RODRIGO, BORJA NOE",Arbitro asistente,https://www.rffm.es/acta-partido/1798309,2026-08-09T17:46:09.802108+00:00
1798312,referee,5090439,"BOADA MARTINEZ, FRANCISCO JAVIER",Arbitro principal,https://www.rffm.es/acta-partido/1798312,2026-08-09T17:46:09.802471+00:00
1798312,referee,5201071,"DONOSO MUÑOZ, IKER",Arbitro asistente,https://www.rffm.es/acta-partido/1798312,2026-08-09T17:46:09.802471+00:00
1798313,referee,5115366,"GOMEZ TARDON, DANIEL",Arbitro principal,https://www.rffm.es/acta-partido/1798313,2026-08-09T17:46:09.875754+00:00
1798313,referee,5194381,"DOMINGUEZ RODRIGO, BORJA NOE",Arbitro asistente,https://www.rffm.es/acta-partido/1798313,2026-08-09T17:46:09.875754+00:00
1798315,referee,5002491,"MARTIN RODILLA, DANIEL",Arbitro principal,https://www.rffm.es/acta-partido/1798315,2026-08-09T17:46:09.913305+00:00
1798315,referee,5002285,"CIEZA SANCHEZ, DANIEL",Arbitro asistente,https://www.rffm.es/acta-partido/1798315,2026-08-09T17:46:09.913305+00:00
1798311,referee,5172089,"GONZALEZ RUBIO, ADRIAN",Arbitro principal,https://www.rffm.es/acta-partido/1798311,2026-08-09T17:46:10.064338+00:00
1798311,referee,5195008,"MOLINA PEÑA, MARCO",Arbitro asistente,https://www.rffm.es/acta-partido/1798311,2026-08-09T17:46:10.064338+00:00
1798308,referee,5090439,"BOADA MARTINEZ, FRANCISCO JAVIER",Arbitro principal,https://www.rffm.es/acta-partido/1798308,2026-08-09T17:46:10.075120+00:00
1798308,referee,5194376,"BRIONES COLLADO, FRANCISCO JAVIER",Arbitro asistente,https://www.rffm.es/acta-partido/1798308,2026-08-09T17:46:10.075120+00:00
1798307,referee,5000409,"PELAEZ RODRIGUEZ, LUIS MIGUEL",Arbitro principal,https://www.rffm.es/acta-partido/1798307,2026-08-09T17:46:10.350573+00:00
1798307,referee,5001938,"LOPEZ MORENO, ANGEL",Arbitro asistente,https://www.rffm.es/acta-partido/1798307,2026-08-09T17:46:10.350573+00:00
